LL=[33	14	120
5	33	185
33	27	140
42	33	130
33	37	205
33	25	100
33	30	100
33	10	150
33	20	135
33	22	215
14	35	125
33	19	180
33	23	190
33	21	300
33	11	175
27	49	145
30	36	185
25	29	190
33	7	145
33	47	100
33	2	260
33	8	180
10	26	75
20	3	105
33	44	155
37	1	110
37	12	90
37	29	80
35	45	95
47	12	185
33	32	235
49	27	150
19	12	125
7	48	105
23	33	165
11	33	180
26	10	75
22	44	65
36	30	210
3	20	110
29	25	180
29	37	95
1	37	85
12	37	85
45	35	90
44	40	155
8	33	150
21	33	300
44	22	65
2	33	175
10	33	135
48	7	105
12	19	130
12	47	190
27	33	145
37	33	175
20	33	150
35	14	120
32	33	130
22	33	200
25	33	90
30	33	115
40	44	135
7	33	140
19	33	180
14	33	145
47	33	95
33	5	190
33	16	240
44	33	135
33	42	125];
