LL2=[33	14	410
5	33	415
33	27	420
42	33	420
33	37	465
33	25	470
33	30	480
33	10	500
33	20	520
33	22	585
14	35	595
33	19	595
33	23	595
33	21	600
33	11	610
27	49	620
30	36	625
25	29	630
33	7	630
33	47	630
33	2	655
33	8	705
10	26	710
20	3	715
33	44	730
37	1	730
37	12	730
37	29	730
35	45	765
47	12	780
33	32	785
49	27	825
19	12	835
7	48	840
23	33	845
11	33	845
26	10	845
22	44	860
36	30	870
3	20	880
29	25	880
29	37	880
1	37	890
12	37	890
45	35	910
44	40	935
8	33	955
21	33	960
44	22	970
2	33	975
10	33	980
48	7	1005
12	19	1020
12	47	1020
27	33	1040
37	33	1040
20	33	1050
35	14	1050
32	33	1080
22	33	1095
25	33	1110
30	33	1130
40	44	1150
7	33	1170
19	33	1220
14	33	1235
47	33	1255
33	5	1305
33	16	1320
44	33	1330
33	42	1355];
